1 21.9626979827881
6 18.5141658782959
11 16.0478096008301
16 11.6336145401001
21 7.47039079666138
26 5.13954067230225
31 5.55840539932251
36 5.33823299407959
41 0.215929701924324
46 0
51 0
56 0
61 0
66 5.68843269348145
71 5.68843269348145
76 6.03725671768188
81 6.03725671768188
86 9.45374774932861
91 16.4200420379639
96 19.150993347168
101 21.0341606140137
106 21.5786094665527
111 21.5864009857178
116 22.2997531890869
121 23.2198276519775
126 22.6422824859619
131 21.7635059356689
136 22.9837703704834
141 23.1981525421143
146 23.9764385223389
151 24.4043312072754
156 23.4270763397217
161 25.7350444793701
166 24.6268157958984
171 22.0293521881104
176 20.1776256561279
181 16.9354343414307
186 12.7522602081299
191 12.7522602081299
196 10.227276802063
201 10.227276802063
206 10.227276802063
211 4.61050176620483
216 4.61050176620483
221 2.51469779014587
226 2.51469779014587
231 2.51469779014587
236 2.51469779014587
241 2.51469779014587
246 0
251 0
256 0
261 0
266 0
271 0
276 0
281 0
286 0
291 0
296 0
301 0
306 0
311 0
316 0
321 1.69978737831116
326 9.32717037200928
331 12.4591484069824
336 17.1063079833984
341 24.9840278625488
346 27.9634037017822
351 24.88063621521
356 23.2815990447998
